items: 
  id: 0
  name: "Root"
  plugin: Base
  class: RootItem
  children: 
    - 
      id: 1
      name: "World"
      plugin: Body
      class: WorldItem
      data: 
        collisionDetection: false
        collisionDetector: AISTCollisionDetector
        materialTableFile: "${SHARE}/default/materials.yaml"
      children: 
        - 
          id: 2
          name: "AGXSimulator"
          plugin: AGXDynamics
          class: AGXSimulatorItem
          data: 
            timeStep: 0.005
            realtimeSync: true
            recording: "full"
            timeRangeMode: "Unlimited"
            timeLength: 180
            allLinkPositionOutputMode: true
            deviceStateOutput: true
            controllerThreads: true
            recordCollisionData: false
            controllerOptions: "velocity"
            Gravity: [ 0, 0, -9.80665 ]
            NumThreads: 1
            ContactReduction: true
            ContactReductionBinResolution: 3
            ContactReductionThreshhold: 12
            ContactWarmstarting: false
            AutoSleep: false
            SaveToAGXFileOnStart: false
            DebugMessageOnConsole: 2
          children: 
            - 
              id: 3
              name: "GLVisionSimulator"
              plugin: Body
              class: GLVisionSimulatorItem
              data: 
                enabled: true
                maxFrameRate: 1000
                maxLatency: 1
                recordVisionData: false
                threadMode: Sensor
                bestEffort: false
                allSceneObjects: false
                rangeSensorPrecisionRatio: 2
                depthError: 0
                enableHeadLight: true
                enableAdditionalLights: true
                antiAliasing: false
        - 
          id: 4
          name: "Floor"
          plugin: Body
          class: BodyItem
          data: 
            modelFile: "${PROJECT_DIR}/body/floor.body"
            currentBaseLink: "Floor"
            rootPosition: [ 0, 0, -0.1 ]
            rootAttitude: [ 
              1, 0, 0, 
              0, 1, 0, 
              0, 0, 1 ]
            jointPositions: [  ]
            initialRootPosition: [ 0, 0, -0.1 ]
            initialRootAttitude: [ 
              1, 0, 0, 
              0, 1, 0, 
              0, 0, 1 ]
            zmp: [ 0, 0, 0 ]
            collisionDetection: true
            selfCollisionDetection: false
            isEditable: false
        - 
          id: 5
          name: "AgxSpiderx2"
          plugin: Body
          class: BodyItem
          data: 
            modelFile: "${PROJECT_DIR}/body/AgxSpiderxJACO2x2.body"
            currentBaseLink: "CHASSIS"
            rootPosition: [ 2.22520174, 0.297547577, 0.173564656 ]
            rootAttitude: [ 
              0.999610893, 0.0272225411, 0.00608235339, 
              -0.0272244349, 0.99962932, 0.000228766565, 
              -0.00607387118, -0.000394266184, 0.999981476 ]
            jointDisplacements: [ 
               20.541833,  20.527803, -21.687203, -21.699533, -94.413632,  89.009687,  0.771968,  39.074722,  1.009827,  130.095334, 
               0.106993,  0.000000, -0.000000,  0.000000,  453.361151,  356.468405,  459.034829,  496.247928,  424.212454,  503.640284, 
               1141.507931,  716.918659,  453.815752,  1217.885696,  812.000552,  480.275812,  1325.319348,  1029.623273,  516.946371,  1217.337389, 
               667.434433,  476.624280 ]
            jointPositions: [ 
               0.358523,  0.358278, -0.378513, -0.378728, -1.647829,  1.553512,  0.013473,  0.681983,  0.017625,  2.270592, 
               0.001867,  0.000000, -0.000000,  0.000000,  7.912645,  6.221547,  8.011669,  8.661160,  7.403904,  8.790181, 
               19.923072,  12.512591,  7.920579,  21.256115,  14.172083,  8.382394,  23.131186,  17.970316,  9.022416,  21.246546, 
               11.648928,  8.318663 ]
            initialRootPosition: [ 2.22520174, 0.297547577, 0.173564656 ]
            initialRootAttitude: [ 
              0.999610893, 0.0272225411, 0.00608235339, 
              -0.0272244349, 0.99962932, 0.000228766565, 
              -0.00607387118, -0.000394266184, 0.999981476 ]
            initialJointPositions: [ 
               0.358523,  0.358278, -0.378513, -0.378728, -1.647829,  1.553512,  0.013473,  0.681983,  0.017625,  2.270592, 
               0.001867,  0.000000, -0.000000,  0.000000,  7.912645,  6.221547,  8.011669,  8.661160,  7.403904,  8.790181, 
               19.923072,  12.512591,  7.920579,  21.256115,  14.172083,  8.382394,  23.131186,  17.970316,  9.022416,  21.246546, 
               11.648928,  8.318663 ]
            zmp: [ 0, 0, 0 ]
            collisionDetection: true
            selfCollisionDetection: false
            isEditable: true
          children: 
            - 
              id: 6
              name: "SimpleController"
              plugin: Body
              class: SimpleControllerItem
              data: 
                isNoDelayMode: false
                controllerOptions: ""
                controller: "SpiderROSArmController.so"
                baseDirectory: "Controller directory"
                reloading: false
                exportSymbols: false
                isOldTargetVariableMode: false
            - 
              id: 7
              name: "BodyPublisher"
              plugin: ROS
              class: BodyPublisherItem
              data: 
                maxPublishRate: 30
    - 
      id: 8
      name: "RoadSurface"
      plugin: Body
      class: BodyItem
      data: 
        modelFile: "${SHARE}/WRS2018/model/RoadSurface.body"
        currentBaseLink: "Base"
        rootPosition: [ 0, 0, 0 ]
        rootAttitude: [ 
          1, 0, 0, 
          0, 1, 0, 
          0, 0, 1 ]
        jointPositions: [  ]
        initialRootPosition: [ 0, 0, 0 ]
        initialRootAttitude: [ 
          1, 0, 0, 
          0, 1, 0, 
          0, 0, 1 ]
        zmp: [ 0, 0, 0 ]
        collisionDetection: true
        selfCollisionDetection: false
        isEditable: false
    - 
      id: 9
      name: "TunnelWall60m-R"
      plugin: Body
      class: BodyItem
      data: 
        modelFile: "${SHARE}/WRS2018/model/TunnelWall60m-R.body"
        currentBaseLink: "1_Base"
        rootPosition: [ 0, 0, 0 ]
        rootAttitude: [ 
          1, 0, 0, 
          0, 1, 0, 
          0, 0, 1 ]
        jointPositions: [  ]
        initialRootPosition: [ 0, 0, 0 ]
        initialRootAttitude: [ 
          1, 0, 0, 
          0, 1, 0, 
          0, 0, 1 ]
        zmp: [ 0, 0, 0 ]
        collisionDetection: true
        selfCollisionDetection: false
        isEditable: false
    - 
      id: 10
      name: "TunnelWall60m-L"
      plugin: Body
      class: BodyItem
      data: 
        modelFile: "${SHARE}/WRS2018/model/TunnelWall60m-L.body"
        currentBaseLink: "1_Base"
        rootPosition: [ 0, 0, 0 ]
        rootAttitude: [ 
          1, 0, 0, 
          0, 1, 0, 
          0, 0, 1 ]
        jointPositions: [  ]
        initialRootPosition: [ 0, 0, 0 ]
        initialRootAttitude: [ 
          1, 0, 0, 
          0, 1, 0, 
          0, 0, 1 ]
        zmp: [ 0, 0, 0 ]
        collisionDetection: true
        selfCollisionDetection: false
        isEditable: false
    - 
      id: 11
      name: "Flag1L"
      plugin: Body
      class: BodyItem
      data: 
        modelFile: "${SHARE}/WRS2018/model/Flag1L.body"
        currentBaseLink: "BASE"
        rootPosition: [ 4, 1.5, 0 ]
        rootAttitude: [ 
          1, 0, 0, 
          0, 1, 0, 
          0, 0, 1 ]
        jointPositions: [  ]
        initialRootPosition: [ 4, 1.5, 0 ]
        initialRootAttitude: [ 
          1, 0, 0, 
          0, 1, 0, 
          0, 0, 1 ]
        zmp: [ 0, 0, 0 ]
        collisionDetection: true
        selfCollisionDetection: false
        isEditable: false
    - 
      id: 12
      name: "Flag1R"
      plugin: Body
      class: BodyItem
      data: 
        modelFile: "${SHARE}/WRS2018/model/Flag1R.body"
        currentBaseLink: "BASE"
        rootPosition: [ 4, -1.5, 0 ]
        rootAttitude: [ 
          1, 0, 0, 
          0, 1, 0, 
          0, 0, 1 ]
        jointPositions: [  ]
        initialRootPosition: [ 4, -1.5, 0 ]
        initialRootAttitude: [ 
          1, 0, 0, 
          0, 1, 0, 
          0, 0, 1 ]
        zmp: [ 0, 0, 0 ]
        collisionDetection: true
        selfCollisionDetection: false
        isEditable: false
    - 
      id: 13
      name: "Flag2L"
      plugin: Body
      class: BodyItem
      data: 
        modelFile: "${SHARE}/WRS2018/model/Flag2L.body"
        currentBaseLink: "BASE"
        rootPosition: [ 30, 1.5, 0 ]
        rootAttitude: [ 
          1, 0, 0, 
          0, 1, 0, 
          0, 0, 1 ]
        jointPositions: [  ]
        initialRootPosition: [ 30, 1.5, 0 ]
        initialRootAttitude: [ 
          1, 0, 0, 
          0, 1, 0, 
          0, 0, 1 ]
        zmp: [ 0, 0, 0 ]
        collisionDetection: true
        selfCollisionDetection: false
        isEditable: false
    - 
      id: 14
      name: "Flag2R"
      plugin: Body
      class: BodyItem
      data: 
        modelFile: "${SHARE}/WRS2018/model/Flag2R.body"
        currentBaseLink: "BASE"
        rootPosition: [ 30, -1.5, 0 ]
        rootAttitude: [ 
          1, 0, 0, 
          0, 1, 0, 
          0, 0, 1 ]
        jointPositions: [  ]
        initialRootPosition: [ 30, -1.5, 0 ]
        initialRootAttitude: [ 
          1, 0, 0, 
          0, 1, 0, 
          0, 0, 1 ]
        zmp: [ 0, 0, 0 ]
        collisionDetection: true
        selfCollisionDetection: false
        isEditable: false
    - 
      id: 15
      name: "Task-ShoringM"
      plugin: Base
      class: FolderItem
      children: 
        - 
          id: 16
          name: "Shoring-M"
          plugin: Body
          class: BodyItem
          data: 
            modelFile: "${SHARE}/WRS2018/model/ShoringM.body"
            currentBaseLink: "body"
            rootPosition: [ 6.00002042, 3.02525048, 0.191243621 ]
            rootAttitude: [ 
              0.99999999, 7.20014935e-08, 0.000141247236, 
              -0.000138758429, 0.187397024, 0.982284244, 
              -2.63985858e-05, -0.982284254, 0.187397022 ]
            jointPositions: [  ]
            initialRootPosition: [ 6.00002042, 3.02525048, 0.191243621 ]
            initialRootAttitude: [ 
              0.99999999, 7.2002926e-08, 0.000141247236, 
              -0.000138758429, 0.187397025, 0.982284244, 
              -2.63985844e-05, -0.982284254, 0.187397023 ]
            zmp: [ 0, 0, 0 ]
            collisionDetection: true
            selfCollisionDetection: false
            isEditable: true
        - 
          id: 17
          name: "CarT6-Gray"
          plugin: Body
          class: BodyItem
          data: 
            modelFile: "${SHARE}/WRS2018/model/CarT6-Gray.body"
            currentBaseLink: ""
            rootPosition: [ 13, 2, 0 ]
            rootAttitude: [ 
              0.866025404, 0.5, 0, 
              -0.5, 0.866025404, -0, 
              -0, 0, 1 ]
            jointPositions: [  ]
            initialRootPosition: [ 13, 2, 0 ]
            initialRootAttitude: [ 
              0.866025404, 0.5, 0, 
              -0.5, 0.866025404, -0, 
              -0, 0, 1 ]
            zmp: [ 0, 0, 0 ]
            collisionDetection: true
            selfCollisionDetection: false
            isEditable: false
        - 
          id: 18
          name: "ShoringTarget"
          plugin: Body
          class: BodyItem
          data: 
            modelFile: "${SHARE}/WRS2018/model/GroovedPlate3.body"
            currentBaseLink: "root"
            rootPosition: [ 15, 2, 1.4 ]
            rootAttitude: [ 
              -0.482962913, 0.866025404, -0.129409523, 
              -0.836516304, -0.5, -0.224143868, 
              -0.258819045, 0, 0.965925826 ]
            jointDisplacements: [ -0.545628 ]
            jointPositions: [ -0.009523 ]
            initialRootPosition: [ 15, 2, 1.4 ]
            initialRootAttitude: [ 
              -0.482962913, 0.866025404, -0.129409523, 
              -0.836516304, -0.5, -0.224143868, 
              -0.258819045, 3.37753214e-10, 0.965925826 ]
            initialJointPositions: [ -0.009523 ]
            zmp: [ 0, 0, 0 ]
            collisionDetection: true
            selfCollisionDetection: false
            isEditable: true
        - 
          id: 19
          name: "CollapsedCeilingA"
          plugin: Body
          class: BodyItem
          data: 
            modelFile: "${SHARE}/WRS2018/model/CollapsedCeilingA.body"
            currentBaseLink: "body"
            rootPosition: [ 14.5177525, 1.65504343, 1.05336206 ]
            rootAttitude: [ 
              0.0748877114, -0.99706448, -0.0159452986, 
              0.975203544, 0.0765664539, -0.207643027, 
              0.208254362, -6.38247441e-10, 0.978074701 ]
            jointPositions: [  ]
            initialRootPosition: [ 14.5177525, 1.65504343, 1.05336206 ]
            initialRootAttitude: [ 
              0.0748877113, -0.99706448, -0.0159453, 
              0.975203544, 0.0765664541, -0.207643027, 
              0.208254362, -2.02873873e-09, 0.978074701 ]
            zmp: [ 0, 0, 0 ]
            staticModel: true
            collisionDetection: true
            selfCollisionDetection: false
            isEditable: true
        - 
          id: 20
          name: "CollapsedCeilingE"
          plugin: Body
          class: BodyItem
          data: 
            modelFile: "${SHARE}/WRS2018/model/CollapsedCeilingE.body"
            currentBaseLink: "body"
            rootPosition: [ 13.3807052, 2.74057867, 1.4423478 ]
            rootAttitude: [ 
              0.963883063, -0.26526585, -0.0237375327, 
              0.265502082, 0.964082134, 0.00736777668, 
              0.0209305116, -0.0134040395, 0.999691075 ]
            jointPositions: [  ]
            initialRootPosition: [ 13.3807052, 2.74057867, 1.4423478 ]
            initialRootAttitude: [ 
              0.963883063, -0.26526585, -0.0237375327, 
              0.265502082, 0.964082134, 0.00736777668, 
              0.0209305116, -0.0134040395, 0.999691075 ]
            zmp: [ 0, 0, 0 ]
            collisionDetection: true
            selfCollisionDetection: false
            isEditable: true
        - 
          id: 21
          name: "ShoringGuide"
          plugin: Body
          class: BodyItem
          data: 
            modelFile: "${SHARE}/WRS2018/model/T6_ShoringGuide.body"
            currentBaseLink: "body"
            rootPosition: [ 13.3770762, -0.786928845, 0.12 ]
            rootAttitude: [ 
              -0.5, 0.866025404, 0, 
              -0.866025404, -0.5, 0, 
              0, 0, 1 ]
            jointPositions: [  ]
            initialRootPosition: [ 13.3770762, -0.786928845, 0.12 ]
            initialRootAttitude: [ 
              -0.5, 0.866025404, 0, 
              -0.866025404, -0.5, 0, 
              0, 0, 1 ]
            zmp: [ 0, 0, 0 ]
            collisionDetection: true
            selfCollisionDetection: false
            isEditable: true
        - 
          id: 22
          name: "Rubble1"
          plugin: Body
          class: BodyItem
          data: 
            modelFile: "${SHARE}/WRS2018/model/Rubble1.body"
            currentBaseLink: "body"
            rootPosition: [ 13.607919, -0.39629095, 0.08 ]
            rootAttitude: [ 
              -0.5, -0.866025404, -1.06057524e-16, 
              -0.866025404, 0.5, 6.123234e-17, 
              0, 1.2246468e-16, -1 ]
            jointPositions: [  ]
            initialRootPosition: [ 13.6335304, -0.411077672, 0.08 ]
            initialRootAttitude: [ 
              -0.5, -0.866025404, -1.06057524e-16, 
              -0.866025404, 0.5, 6.123234e-17, 
              2.64170782e-26, 1.2246468e-16, -1 ]
            zmp: [ 0, 0, 0 ]
            collisionDetection: true
            selfCollisionDetection: false
            isEditable: true
    - 
      id: 23
      name: "Task-ShoringL"
      plugin: Base
      class: FolderItem
      children: 
        - 
          id: 24
          name: "Shoring-L"
          plugin: Body
          class: BodyItem
          data: 
            modelFile: "${SHARE}/WRS2018/model/ShoringL.body"
            currentBaseLink: "body"
            rootPosition: [ 8.2, 2.3399, -8.12082226e-06 ]
            rootAttitude: [ 
              -9.9475983e-14, 1, 1.85605458e-08, 
              -1, -9.43689571e-14, -2.76485932e-07, 
              -2.76485932e-07, -1.85605458e-08, 1 ]
            jointPositions: [  ]
            initialRootPosition: [ 8.2, 2.3399, -8.12082226e-06 ]
            initialRootAttitude: [ 
              -4.44311254e-13, 1, 1.85605458e-08, 
              -1, -4.39204229e-13, -2.76485932e-07, 
              -2.76485932e-07, -1.85605458e-08, 1 ]
            zmp: [ 0, 0, 0 ]
            collisionDetection: true
            selfCollisionDetection: false
            isEditable: true
        - 
          id: 25
          name: "CarT6-Gray"
          plugin: Body
          class: BodyItem
          data: 
            modelFile: "${SHARE}/WRS2018/model/CarT6-Gray.body"
            currentBaseLink: ""
            rootPosition: [ 17.530503, 1.84226775, 0.0831241808 ]
            rootAttitude: [ 
              0.965925826, -0.25522002, 0.0430120832, 
              0.258819045, 0.952494083, -0.16052328, 
              -1.95970462e-11, 0.166185928, 0.986094436 ]
            jointPositions: [  ]
            initialRootPosition: [ 17.530503, 1.84226775, 0.0831241808 ]
            initialRootAttitude: [ 
              0.965925826, -0.25522002, 0.0430120832, 
              0.258819045, 0.952494083, -0.16052328, 
              -1.42202049e-11, 0.166185928, 0.986094436 ]
            zmp: [ 0, 0, 0 ]
            collisionDetection: true
            selfCollisionDetection: false
            isEditable: true
        - 
          id: 26
          name: "CollapsedCeilingA"
          plugin: Body
          class: BodyItem
          data: 
            modelFile: "${SHARE}/WRS2018/model/CollapsedCeilingA.body"
            currentBaseLink: "body"
            rootPosition: [ 18.3767, 3.2116, 1.2933 ]
            rootAttitude: [ 
              -0.940255838, -0.319238191, 0.118346683, 
              0.292857082, -0.935621744, -0.197095614, 
              0.173648178, -0.150661638, 0.973214972 ]
            jointPositions: [  ]
            initialRootPosition: [ 18.3767, 3.2116, 1.2933 ]
            initialRootAttitude: [ 
              -0.940255838, -0.319238191, 0.118346683, 
              0.292857082, -0.935621744, -0.197095614, 
              0.173648178, -0.150661638, 0.973214972 ]
            zmp: [ 0, 0, 0 ]
            collisionDetection: true
            selfCollisionDetection: false
            isEditable: true
        - 
          id: 27
          name: "CollapsedCeilingA"
          plugin: Body
          class: BodyItem
          data: 
            modelFile: "${SHARE}/WRS2018/model/CollapsedCeilingA.body"
            currentBaseLink: "body"
            rootPosition: [ 18.9361, 2.1259, 1.1207 ]
            rootAttitude: [ 
              0.294738436, 0.942332385, 0.158552614, 
              -0.929133274, 0.321373809, -0.182839369, 
              -0.223250116, -0.0934267202, 0.970273587 ]
            jointPositions: [  ]
            initialRootPosition: [ 18.9361, 2.1259, 1.1207 ]
            initialRootAttitude: [ 
              0.294738435, 0.942332385, 0.158552614, 
              -0.929133274, 0.321373808, -0.182839369, 
              -0.223250116, -0.09342672, 0.970273587 ]
            zmp: [ 0, 0, 0 ]
            collisionDetection: true
            selfCollisionDetection: false
            isEditable: true
        - 
          id: 28
          name: "CollapsedCeilingB"
          plugin: Body
          class: BodyItem
          data: 
            modelFile: "${SHARE}/WRS2018/model/CollapsedCeilingB.body"
            currentBaseLink: "body"
            rootPosition: [ 17.5679931, 3.2125176, 0.545976741 ]
            rootAttitude: [ 
              0.99948219, -0.0156685632, -0.0281042258, 
              0.0321768759, 0.486525524, 0.87307363, 
              -6.38618886e-06, -0.87352585, 0.486777762 ]
            jointPositions: [  ]
            initialRootPosition: [ 17.5679931, 3.2125176, 0.545976741 ]
            initialRootAttitude: [ 
              0.99948219, -0.0156685632, -0.0281042258, 
              0.0321768759, 0.486525524, 0.87307363, 
              -6.38619238e-06, -0.87352585, 0.486777762 ]
            zmp: [ 0, 0, 0 ]
            collisionDetection: true
            selfCollisionDetection: false
            isEditable: true
        - 
          id: 29
          name: "CollapsedCeilingA"
          plugin: Body
          class: BodyItem
          data: 
            modelFile: "${SHARE}/WRS2018/model/CollapsedCeilingA.body"
            currentBaseLink: "body"
            rootPosition: [ 18.343, 1.2651, 1.2323 ]
            rootAttitude: [ 
              0.252834139, -0.922517456, 0.291610084, 
              0.95693881, 0.194010236, -0.215935507, 
              0.142628934, 0.333648874, 0.931845167 ]
            jointPositions: [  ]
            initialRootPosition: [ 18.343, 1.2651, 1.2323 ]
            initialRootAttitude: [ 
              0.252834139, -0.922517456, 0.291610084, 
              0.95693881, 0.194010235, -0.215935507, 
              0.142628934, 0.333648874, 0.931845167 ]
            zmp: [ 0, 0, 0 ]
            collisionDetection: true
            selfCollisionDetection: false
            isEditable: true
        - 
          id: 30
          name: "CollapsedCeilingD"
          plugin: Body
          class: BodyItem
          data: 
            modelFile: "${SHARE}/WRS2018/model/CollapsedCeilingD.body"
            currentBaseLink: "body"
            rootPosition: [ 17.9856, 1.7193, 1.5479 ]
            rootAttitude: [ 
              0.703348763, 0.645869858, 0.296905111, 
              -0.607114366, 0.763060007, -0.221701539, 
              -0.369746757, -0.0243218553, 0.928814181 ]
            jointPositions: [  ]
            initialRootPosition: [ 17.9856, 1.7193, 1.5479 ]
            initialRootAttitude: [ 
              0.703348763, 0.645869858, 0.296905111, 
              -0.607114366, 0.763060007, -0.221701539, 
              -0.369746757, -0.024321855, 0.928814181 ]
            zmp: [ 0, 0, 0 ]
            collisionDetection: true
            selfCollisionDetection: false
            isEditable: true
        - 
          id: 31
          name: "ShoringLineL"
          plugin: Body
          class: BodyItem
          data: 
            modelFile: "${SHARE}/WRS2018/model/T6_ShoringLineL.body"
            currentBaseLink: "body"
            rootPosition: [ 18.2399078, 0.0642831115, 0 ]
            rootAttitude: [ 
              -0.258819045, -0.965925826, 0, 
              0.965925826, -0.258819045, 0, 
              0, 0, 1 ]
            jointPositions: [  ]
            initialRootPosition: [ 18.2399078, 0.0642831115, 0 ]
            initialRootAttitude: [ 
              -0.258818745, -0.965925826, 0, 
              0.965925826, -0.258818745, 0, 
              0, 0, 1 ]
            zmp: [ 0, 0, 0 ]
            collisionDetection: true
            selfCollisionDetection: false
            isEditable: true
    - 
      id: 32
      name: "Task-Breaching"
      plugin: Base
      class: FolderItem
      children: 
        - 
          id: 33
          name: "CarT6"
          plugin: Body
          class: BodyItem
          data: 
            modelFile: "${SHARE}/WRS2018/model/CarT6.body"
            currentBaseLink: ""
            rootPosition: [ 22.5, 1.59, 0 ]
            rootAttitude: [ 
              1, 0, 0, 
              0, 1, 0, 
              0, 0, 1 ]
            jointPositions: [  ]
            initialRootPosition: [ 22.5, 1.59, 0 ]
            initialRootAttitude: [ 
              1, 0, 0, 
              0, 1, 0, 
              0, 0, 1 ]
            zmp: [ 0, 0, 0 ]
            collisionDetection: true
            selfCollisionDetection: false
            isEditable: false
          children: 
            - 
              id: 34
              name: "TargetT2_35-50"
              plugin: Body
              class: BodyItem
              data: 
                modelFile: "${SHARE}/WRS2018/model/TargetT6_35-50.body"
                currentBaseLink: "QR-BASE"
                rootPosition: [ 22.6, 1.2, 0.46 ]
                rootAttitude: [ 
                  1, 0, 0, 
                  0, 1, 0, 
                  0, 0, 1 ]
                jointPositions: [  ]
                initialRootPosition: [ 22.6, 1.2, 0.46 ]
                initialRootAttitude: [ 
                  1, 0, 0, 
                  0, 1, 0, 
                  0, 0, 1 ]
                zmp: [ 0, 0, 0 ]
                collisionDetection: true
                selfCollisionDetection: false
                isEditable: false
        - 
          id: 35
          name: "RockDrill"
          plugin: Body
          class: BodyItem
          data: 
            modelFile: "${SHARE}/WRS2018/model/RockDrill.body"
            currentBaseLink: "BASE"
            rootPosition: [ 20.1542, -3.7883, 0.2929 ]
            rootAttitude: [ 
              0.0173607473, -0.0653800387, -0.997709404, 
              -0.108508938, -0.992089319, 0.0631236326, 
              -0.993943869, 0.107164515, -0.0243177304 ]
            jointDisplacements: [ -0.488103 ]
            jointPositions: [ -0.008519 ]
            initialRootPosition: [ 20.1542, -3.7883, 0.2929 ]
            initialRootAttitude: [ 
              0.0173607467, -0.0653800344, -0.997709404, 
              -0.108508938, -0.992089319, 0.0631236283, 
              -0.993943869, 0.107164515, -0.024317729 ]
            initialJointPositions: [ -0.008519 ]
            zmp: [ 0, 0, 0 ]
            collisionDetection: true
            selfCollisionDetection: false
            isEditable: true
          children: 
            - 
              id: 36
              name: "SimpleController"
              plugin: Body
              class: SimpleControllerItem
              data: 
                isNoDelayMode: false
                controllerOptions: ""
                controller: "RockDrillController"
                baseDirectory: "Controller directory"
                reloading: false
                exportSymbols: false
                isOldTargetVariableMode: false
        - 
          id: 37
          name: "CollapsedCeilingF"
          plugin: Body
          class: BodyItem
          data: 
            modelFile: "${SHARE}/WRS2018/model/CollapsedCeilingF.body"
            currentBaseLink: ""
            rootPosition: [ 22.695, 1.9462, 1.5967 ]
            rootAttitude: [ 
              0.0101909191, 0.999251956, 0.0373051468, 
              -0.973125513, 0.0184935848, -0.229531531, 
              -0.230049737, -0.0339634529, 0.972586038 ]
            jointDisplacements: [ -0.000458,  0.000000 ]
            jointPositions: [ -0.000008,  0.000000 ]
            initialRootPosition: [ 22.695, 1.9462, 1.5967 ]
            initialRootAttitude: [ 
              0.010190917, 0.999251956, 0.0373051457, 
              -0.973125513, 0.0184935826, -0.229531531, 
              -0.230049737, -0.0339634522, 0.972586039 ]
            initialJointPositions: [ -0.000008,  0.000000 ]
            zmp: [ 0, 0, 0 ]
            collisionDetection: true
            selfCollisionDetection: false
            isEditable: true
          children: 
            - 
              id: 38
              name: "SimpleController"
              plugin: Body
              class: SimpleControllerItem
              data: 
                isNoDelayMode: false
                controllerOptions: ""
                controller: "BoaringTargetController"
                baseDirectory: "Controller directory"
                reloading: false
                exportSymbols: false
                isOldTargetVariableMode: false
        - 
          id: 39
          name: "CollapsedCeilingC"
          plugin: Body
          class: BodyItem
          data: 
            modelFile: "${SHARE}/WRS2018/model/CollapsedCeilingC.body"
            currentBaseLink: "body"
            rootPosition: [ 21.4861, 1.9757, 1.5871 ]
            rootAttitude: [ 
              0.00674964574, 0.999939476, -0.00868829338, 
              -0.966799828, 0.00430596987, -0.255498633, 
              -0.255445758, 0.0101243658, 0.966770377 ]
            jointPositions: [  ]
            initialRootPosition: [ 21.4861, 1.9757, 1.5871 ]
            initialRootAttitude: [ 
              0.00674964358, 0.999939476, -0.00868829131, 
              -0.966799828, 0.00430596831, -0.255498633, 
              -0.255445758, 0.0101243633, 0.966770377 ]
            zmp: [ 0, 0, 0 ]
            staticModel: true
            collisionDetection: true
            selfCollisionDetection: false
            isEditable: true
        - 
          id: 40
          name: "CollapsedCeilingC"
          plugin: Body
          class: BodyItem
          data: 
            modelFile: "${SHARE}/WRS2018/model/CollapsedCeilingC.body"
            currentBaseLink: "body"
            rootPosition: [ 23.5229, 2.0149, 1.4419 ]
            rootAttitude: [ 
              0.00674964574, 0.999975631, 0.00178333333, 
              -0.966799828, 0.0069812603, -0.255439533, 
              -0.255445758, 0, 0.966823389 ]
            jointPositions: [  ]
            initialRootPosition: [ 23.5229, 2.0149, 1.4419 ]
            initialRootAttitude: [ 
              0.00674964134, 0.999975631, 0.00178333255, 
              -0.966799828, 0.00698125584, -0.255439533, 
              -0.255445758, -3.08385345e-10, 0.966823389 ]
            zmp: [ 0, 0, 0 ]
            staticModel: true
            collisionDetection: true
            selfCollisionDetection: false
            isEditable: true
        - 
          id: 41
          name: "CollapsedCeilingD"
          plugin: Body
          class: BodyItem
          data: 
            modelFile: "${SHARE}/WRS2018/model/CollapsedCeilingD.body"
            currentBaseLink: "body"
            rootPosition: [ 22.2844, -1.179, 0.6306 ]
            rootAttitude: [ 
              0.999945169, -0.00911417695, 0.00515655322, 
              0.0104717841, 0.870307974, -0.49239656, 
              0, 0.49242356, 0.870355696 ]
            jointPositions: [  ]
            initialRootPosition: [ 22.2844, -1.179, 0.6306 ]
            initialRootAttitude: [ 
              0.999945169, -0.00911417694, 0.00515655321, 
              0.0104717841, 0.870307974, -0.49239656, 
              -3.84218265e-12, 0.49242356, 0.870355696 ]
            zmp: [ 0, 0, 0 ]
            staticModel: true
            collisionDetection: true
            selfCollisionDetection: false
            isEditable: true
        - 
          id: 42
          name: "CollapsedCeilingB"
          plugin: Body
          class: BodyItem
          data: 
            modelFile: "${SHARE}/WRS2018/model/CollapsedCeilingB.body"
            currentBaseLink: "body"
            rootPosition: [ 22.5719, 0.0907, 0.1728 ]
            rootAttitude: [ 
              -0.999974108, -0.000108464643, 0.00719529384, 
              -0.00174528583, -0.966377741, -0.257120627, 
              0.0069812603, -0.257126527, 0.966352529 ]
            jointPositions: [  ]
            initialRootPosition: [ 22.5719, 0.0907, 0.1728 ]
            initialRootAttitude: [ 
              -0.999974108, -0.000108464647, 0.00719529384, 
              -0.00174528583, -0.966377741, -0.257120627, 
              0.0069812603, -0.257126527, 0.966352529 ]
            zmp: [ 0, 0, 0 ]
            staticModel: true
            collisionDetection: true
            selfCollisionDetection: false
            isEditable: true
        - 
          id: 43
          name: "CollapsedCeilingB"
          plugin: Body
          class: BodyItem
          data: 
            modelFile: "${SHARE}/WRS2018/model/CollapsedCeilingB.body"
            currentBaseLink: "body"
            rootPosition: [ 22.5367, 0.0694, 0.4453 ]
            rootAttitude: [ 
              -0.999998477, 0.00174531773, 6.09233293e-06, 
              -0.00174532837, -0.999992385, -0.0034906461, 
              0, -0.00349065142, 0.999993908 ]
            jointPositions: [  ]
            initialRootPosition: [ 22.5367, 0.0694, 0.4453 ]
            initialRootAttitude: [ 
              -0.999998477, 0.00174531773, 6.09233293e-06, 
              -0.00174532837, -0.999992385, -0.0034906461, 
              -6.83947045e-15, -0.00349065142, 0.999993908 ]
            zmp: [ 0, 0, 0 ]
            staticModel: true
            collisionDetection: true
            selfCollisionDetection: false
            isEditable: true
        - 
          id: 44
          name: "CollapsedCeilingA"
          plugin: Body
          class: BodyItem
          data: 
            modelFile: "${SHARE}/WRS2018/model/CollapsedCeilingA.body"
            currentBaseLink: "body"
            rootPosition: [ 21.8367, 1.7085, 1.6531 ]
            rootAttitude: [ 
              -0.0305682871, -0.999496755, -0.00847442129, 
              0.972698668, -0.0277952028, -0.230401234, 
              0.230049737, -0.0152860294, 0.973058814 ]
            jointPositions: [  ]
            initialRootPosition: [ 21.8367, 1.7085, 1.6531 ]
            initialRootAttitude: [ 
              -0.0305682849, -0.999496755, -0.00847441673, 
              0.972698668, -0.0277952017, -0.230401234, 
              0.230049737, -0.0152860244, 0.973058814 ]
            zmp: [ 0, 0, 0 ]
            staticModel: true
            collisionDetection: true
            selfCollisionDetection: false
            isEditable: true
        - 
          id: 45
          name: "CollapsedCeilingA"
          plugin: Body
          class: BodyItem
          data: 
            modelFile: "${SHARE}/WRS2018/model/CollapsedCeilingA.body"
            currentBaseLink: "body"
            rootPosition: [ 24.082, 0.6334, 0.8295 ]
            rootAttitude: [ 
              -0.0665644404, -0.988555367, 0.135378956, 
              0.951915847, -0.103581352, -0.288317748, 
              0.299040792, 0.109677664, 0.947916354 ]
            jointPositions: [  ]
            initialRootPosition: [ 24.082, 0.6334, 0.8295 ]
            initialRootAttitude: [ 
              -0.0665644407, -0.988555367, 0.135378956, 
              0.951915847, -0.103581352, -0.288317748, 
              0.299040792, 0.109677664, 0.947916354 ]
            zmp: [ 0, 0, 0 ]
            collisionDetection: true
            selfCollisionDetection: false
            isEditable: true
        - 
          id: 46
          name: "CollapsedCeilingD"
          plugin: Body
          class: BodyItem
          data: 
            modelFile: "${SHARE}/WRS2018/model/CollapsedCeilingD.body"
            currentBaseLink: "body"
            rootPosition: [ 22.3066, -0.6935, 0.4376 ]
            rootAttitude: [ 
              1, 0, 0, 
              0, 0.866896749, -0.49848774, 
              0, 0.49848774, 0.866896749 ]
            jointPositions: [  ]
            initialRootPosition: [ 22.3066, -0.6935, 0.4376 ]
            initialRootAttitude: [ 
              1, 0, 0, 
              0, 0.866896749, -0.49848774, 
              0, 0.49848774, 0.866896749 ]
            zmp: [ 0, 0, 0 ]
            collisionDetection: true
            selfCollisionDetection: false
            isEditable: true
    - 
      id: 47
      name: "WorldLogFile"
      plugin: Body
      class: WorldLogFileItem
      data: 
        filename: "${PROJECT_DIR}/body/T6.log"
        format: CNOID-WORLD-LOG
        timeStampSuffix: true
        recordingFrameRate: 100
views: 
  - 
    id: 0
    plugin: Base
    class: ItemPropertyView
    mounted: true
  - 
    id: 1
    plugin: Base
    class: ItemTreeView
    mounted: true
    state: 
      selected: [ 1 ]
      checked: [ 5, 8, 10, 11, 12, 13, 14, 16, 17, 18, 19, 20, 21, 22, 24, 25, 26, 27, 28, 29, 30, 31, 33, 34, 35, 37, 39, 40, 41, 42, 43, 44, 45, 46 ]
      expanded: [ 1, 2, 5, 6, 13, 15, 23, 31, 32, 33, 41 ]
  - 
    id: 2
    plugin: Base
    class: MessageView
    mounted: true
  - 
    id: 3
    plugin: Base
    class: SceneView
    mounted: true
    state: 
      editMode: false
      viewpointControlMode: thirdPerson
      collisionLines: false
      polygonMode: fill
      restrictCameraRoll: true
      verticalAxis: Z
      lightingMode: full
      cullingMode: enabled
      defaultHeadLight: true
      defaultHeadLightIntensity: 0.75
      headLightLightingFromBack: false
      worldLight: true
      worldLightIntensity: 0.5
      worldLightAmbient: 0.25
      additionalLights: true
      fog: true
      floorGrid: false
      floorGridSpan: 10
      floorGridInterval: 0.5
      xzGridSpan: 10
      xzGridInterval: 0.5
      xzGrid: false
      yzGridSpan: 10
      yzGridInterval: 0.5
      texture: true
      lineWidth: 1
      pointSize: 1
      normalVisualization: false
      normalLength: 0.01
      lightweightViewChange: false
      coordinateAxes: true
      fpsTestIteration: 1
      upsideDown: false
      cameras: 
        - 
          camera: [ System, Perspective ]
          isCurrent: true
          fieldOfView: 0.698132
          near: 0.04
          far: 200
          eye: [ -2.59285328, -1.51970079, 3.50495286 ]
          direction: [ 0.902547647, 0.15980191, -0.399838836 ]
          up: [ 0.39371517, 0.0697098225, 0.91658546 ]
        - 
          camera: [ System, Orthographic ]
          orthoHeight: 20
          near: 0.04
          far: 200
      backgroundColor: [ 0.100000001, 0.100000001, 0.300000012 ]
      gridColor: [ 0.899999976, 0.899999976, 0.899999976, 1 ]
      xzgridColor: [ 0.899999976, 0.899999976, 0.899999976, 1 ]
      yzgridColor: [ 0.899999976, 0.899999976, 0.899999976, 1 ]
      dedicatedItemTreeViewChecks: false
  - 
    id: 4
    name: "Camera Scene"
    plugin: Base
    class: SceneView
    state: 
      editMode: false
      viewpointControlMode: thirdPerson
      collisionLines: false
      polygonMode: fill
      restrictCameraRoll: true
      verticalAxis: Z
      lightingMode: full
      cullingMode: enabled
      defaultHeadLight: true
      defaultHeadLightIntensity: 0.75
      headLightLightingFromBack: false
      worldLight: true
      worldLightIntensity: 0.5
      worldLightAmbient: 0.25
      additionalLights: true
      fog: true
      floorGrid: true
      floorGridSpan: 10
      floorGridInterval: 0.5
      xzGridSpan: 10
      xzGridInterval: 0.5
      xzGrid: false
      yzGridSpan: 10
      yzGridInterval: 0.5
      texture: true
      lineWidth: 1
      pointSize: 1
      normalVisualization: false
      normalLength: 0.01
      lightweightViewChange: false
      coordinateAxes: true
      fpsTestIteration: 1
      upsideDown: false
      backgroundColor: [ 0.100000001, 0.100000001, 0.300000012 ]
      gridColor: [ 0.899999976, 0.899999976, 0.899999976, 1 ]
      xzgridColor: [ 0.899999976, 0.899999976, 0.899999976, 1 ]
      yzgridColor: [ 0.899999976, 0.899999976, 0.899999976, 1 ]
      dedicatedItemTreeViewChecks: true
      checked: [ 8, 9, 10, 11, 12, 13, 14, 16, 17, 18, 19, 20, 21, 22, 24, 25, 26, 27, 28, 29, 30, 31, 33, 34, 35, 37, 39, 40, 41, 42, 43, 44, 45, 46 ]
  - 
    id: 5
    plugin: Body
    class: BodyLinkView
    mounted: true
    state: 
      showRotationMatrix: false
  - 
    id: 6
    plugin: Body
    class: JointDisplacementView
    mounted: true
    state: 
      showSelectedJoints: false
      showJointIDs: false
      showJointNames: true
      overlapJointNames: false
      showSliders: true
      showDials: false
      showPhases: false
      currentBodyItem: 5
  - 
    id: 7
    plugin: Body
    class: LinkSelectionView
    mounted: true
    state: 
      listingMode: "Link List"
      currentBodyItem: 5
      bodyItems: 
        - 
          id: 8
          selectedLinks: [ 0 ]
